,people_fully_vaccinated_per_hundred_lag14,retail_and_recreation_percent_change_lag7,parks_percent_change_lag7,transit_stations_percent_change_lag7,residential_percent_change_lag7,stay_at_home,mask_mandate,business_open,population_density
26,0.19,-0.16,-0.1,-0.15,0.08,0,1,0,25.453788402417263
28,0.28,-0.2,-0.22,-0.19,0.1,0,1,0,25.453788402417263
32,0.33,-0.18,-0.12,-0.16,0.08,0,1,0,25.453788402417263
33,0.37,-0.15,-0.15,-0.15,0.08,0,1,0,25.453788402417263
34,0.44,-0.18,-0.21,-0.16,0.08,0,1,0,25.453788402417263
35,0.51,-0.16,-0.12,-0.17,0.08,0,1,0,25.453788402417263
36,0.56,-0.15,0.01,-0.14,0.04,0,1,0,25.453788402417263
37,0.61,-0.18,-0.11,-0.18,0.05,0,1,0,25.453788402417263
38,0.61,-0.17,-0.28,-0.17,0.08,0,1,0,25.453788402417263
39,0.63,-0.16,-0.21,-0.16,0.08,0,1,0,25.453788402417263
